1241992800
1495863000
1241992800
1495863060
1241992800
1495863120
1241992800
1495863180
1241992800
1495863240
1241992800
1495863300
1241992800
1495863360
1241992800
1495863420
1241992800
1495863480
1241992800
1495863540
1241992800
1495863600
1241992800
1495863660
1241992800
1495863720
1241992800
1495863780
1241992800
1495863840
1241992800
1495863900
1241992800
1495863960
1241992800
1495864020
1241992800
1495864080
1241992800
1495864140
1241992800
1495864200
1241992800
1495864260
1241992800
1495864320
1241992800
1495864380
1241992800
1495864440
1241992800
1495864500
1241992800
1495864560
1241992800
1495864620
1241992800
1495864680
1241992800
1495864740
1241992800
1495864800
1241992800
1495864860
1241992800
1495864920
1241992800
1495864980
1241992800
1495865040
1241992800
1495865100
1241992800
1495865160
1241992800
1495865220
1241992800
1495865280
1241992800
1495865340
1241992800
1495865400
1241992800
1495865460
1241992800
1495865520
1241992800
1495865580
1241992800
1495865640
1241992800
1495865700
1241992800
1495865760
1241992800
1495865820
1241992800
1495865880
1241992800
1495865940
1241992800
1495866000
1241992800
1495866060
1241992800
1495866120
1241992800
1495866180
1241992800
1495866240
1241992800
1495866300
1241992800
1495866360
1241992800
1495866420
1241992800
1495866480
1241992800
1495866540
1241992800
1495866600
1241992800
1495866660
1241992800
1495866720
1241992800
1495866780
1241992800
1495866840
1241992800
1495866900
1241992800
1495866960
1241992800
1495867020
1241992800
1495867080
1241992800
1495867140
1241992800
1495867200
1241992800
1495867260
1241992800
1495867320
1241992800
1495867380
1241992800
1495867440
1241992800
1495867500
1241992800
1495867560
1241992800
1495867620
1241992800
1495867680
1241992800
1495867740
1241992800
1495867800
1241992800
1495867860
1241992800
1495867920
1241992800
1495867980
1241992800
1495868040
1241992800
1495868100
1241992800
1495868160
1241992800
1495868220
1241992800
1495868280
1241992800
1495868340
1241992800
1495868400
1241992800
1495868460
1241992800
1495868520
1241992800
1495868580
1241992800
1495868640
1241992800
1495868700
1241992800
1495868760
1241992800
1495868820
1241992800
1495868880
1241992800
1495868940
1241992800
1495869000
1241992800
1495869060
1241992800
1495869120
1241992800
1495869180
1241992800
1495869240
1241992800
1495869300
1241992800
1495869360
1241992800
1495869420
1241992800
1495869480
1241992800
1495869540
1241992800
1495869600
1241992800
1495869660
1241992800
1495869720
1241992800
1495869780
1241992800
1495869840
1241992800
1495869900
1241992800
1495869960
1241992800
1495870020
1241992800
1495870080
1241992800
1495870140
1241992800
1495870200
1241992800
1495870260
1241992800
1495870320
1241992800
1495870380
1241992800
1495870440
1241992800
1495870500
1241992800
1495870560
1241992800
1495870620
1241992800
1495870680
1241992800
1495870740
1241992800
1495870800
1241992800
1495870860
1241992800
1495870920
1241992800
1495870980
1241992800
1495871040
1241992800
1495871100
1241992800
1495871160
1241992800
1495871220
1241992800
1495871280
1241992800
1495871340
1241992800
1495871400
1241992800
1495871460
1241992800
1495871520
1241992800
1495871580
1241992800
1495871640
1241992800
1495871700
1241992800
1495871760
1241992800
1495871820
1241992800
1495871880
1241992800
1495871940
1241992800
1495875600
1241992800
1495875660
1241992800
1495875720
1241992800
1495875780
1241992800
1495875840
1241992800
1495875900
1241992800
1495875960
1241992800
1495876020
1241992800
1495876080
1241992800
1495876140
1241992800
1495876200
1241992800
1495876260
1241992800
1495876320
1241992800
1495876380
1241992800
1495876440
1241992800
1495876500
1241992800
1495876560
1241992800
1495876620
1241992800
1495876680
1241992800
1495876740
1241992800
1495876800
1241992800
1495876860
1241992800
1495876920
1241992800
1495876980
1241992800
1495877040
1241992800
1495877100
1241992800
1495877160
1241992800
1495877220
1241992800
1495877280
1241992800
1495877340
1241992800
1495877400
1241992800
1495877460
1241992800
1495877520
1241992800
1495877580
1241992800
1495877640
1241992800
1495877700
1241992800
1495877760
1241992800
1495877820
1241992800
1495877880
1241992800
1495877940
1241992800
1495878000
1241992800
1495878060
1241992800
1495878120
1241992800
1495878180
1241992800
1495878240
1241992800
1495878300
1241992800
1495878360
1241992800
1495878420
1241992800
1495878480
1241992800
1495878540
1241992800
1495878600
1241992800
1495878660
1241992800
1495878720
1241992800
1495878780
1241992800
1495878840
1241992800
1495878900
1241992800
1495878960
1241992800
1495879020
1241992800
1495879080
1241992800
1495879140
1241992800
1495879200
1241992800
1495879260
1241992800
1495879320
1241992800
1495879380
1241992800
1495879440
1241992800
1495879500
1241992800
1495879560
1241992800
1495879620
1241992800
1495879680
1241992800
1495879740
1241992800
1495879800
1241992800
1495879860
1241992800
1495879920
1241992800
1495879980
1241992800
1495880040
1241992800
1495880100
1241992800
1495880160
1241992800
1495880220
1241992800
1495880280
1241992800
1495880340
1241992800
1495880400
1241992800
1495880460
1241992800
1495880520
1241992800
1495880580
1241992800
1495880640
1241992800
1495880700
1241992800
1495880760
1241992800
1495880820
1241992800
1495880880
1241992800
1495880940
1241992800
1495881000
1241992800
1495881060
1241992800
1495881120
1241992800
1495881180
1241992800
1495881240
1241992800
1495881300
1241992800
1495881360
1241992800
1495881420
1241992800
1495881480
1241992800
1495881540
1241992800
1495881600
1241992800
1495881660
1241992800
1495881720
1241992800
1495881780
1241992800
1495881840
1241992800
1495881900
1241992800
1495881960
1241992800
1495882020
1241992800
1495882080
1241992800
1495882140
1241992800
1495882200
1241992800
1495882260
1241992800
1495882320
1241992800
1495882380
1241992800
1495882440
1241992800
1495882500
1241992800
1495882560
1241992800
1495882620
1241992800
1495882680
1241992800
1495882740
1241992800
1495882800
1241992800
1495882860
1241992800
1495882920
1241992800
1495882980
1241992800
1495883040
1241992800
1495883100
1241992800
1495883160
1241992800
1495883220
1241992800
1495883280
1241992800
1495883340
1241992800
1495883400
1241992800
1495883460
1241992800
1495883520
1241992800
1495883580
1241992800
1495883640
1241992800
1495883700
1241992800
1495883760
1241992800
1495883820
1241992800
1495883880
1241992800
1495883940
1241992800
1495884000
1241992800
1495884060
1241992800
1495884120
1241992800
1495884180
1241992800
1495884240
1241992800
1495884300
1241992800
1495884360
1241992800
1495884420
1241992800
1495884480
1241992800
1495884540
1241992800
1495884600
1241992800
1495884660
1241992800
1495884720
1241992800
1495884780
1241992800
1495884840
1241992800
1495884900
1241992800
1495884960
1241992800
1495885020
1241992800
1495885080
1241992800
1495885140
1241992800
1495885200
1241992800
1495885260
1241992800
1495885320
1241992800
1495885380
1241992800
1495885440
1241992800
1495885500
1241992800
1495885560
1241992800
1495885620
1241992800
1495885680
1241992800
1495885740
1241992800
1495885800
1241992800
1495885860
1241992800
1495885920
1241992800
1495885980
1241992800
1495886040
1241992800
1495886100
1241992800
1495886160
1241992800
1495886220
1241992800
1495886280
1241992800
1495886340
1241992800
1495890000
1241992800
1495890060
1241992800
1495890120
1241992800
1495890180
1241992800
1495890240
1241992800
1495890300
1241992800
1495890360
1241992800
1495890420
1241992800
1495890480
1241992800
1495890540
1241992800
1495890600
1241992800
1495890660
1241992800
1495890720
1241992800
1495890780
1241992800
1495890840
1241992800
1495890900
1241992800
1495890960
1241992800
1495891020
1241992800
1495891080
1241992800
1495891140
1241992800
1495891200
1241992800
1495891260
1241992800
1495891320
1241992800
1495891380
1241992800
1495891440
1241992800
1495891500
1241992800
1495891560
1241992800
1495891620
1241992800
1495891680
1241992800
1495891740
1241992800
1495891800
1241992800
1495891860
1241992800
1495891920
1241992800
1495891980
1241992800
1495892040
1241992800
1495892100
1241992800
1495892160
1241992800
1495892220
1241992800
1495892280
1241992800
1495892340
1241992800
1495892400
1241992800
1495892460
1241992800
1495892520
1241992800
1495892580
1241992800
1495892640
1241992800
1495892700
1241992800
1495892760
1241992800
1495892820
1241992800
1495892880
1241992800
1495892940
1241992800
1495893000
1241992800
1495893060
1241992800
1495893120
1241992800
1495893180
1241992800
1495893240
1241992800
1495893300
1241992800
1495893360
1241992800
1495893420
1241992800
1495893480
1241992800
1495893540
1241992800
1495893600
1241992800
1495893660
1241992800
1495893720
1241992800
1495893780
1241992800
1495893840
1241992800
1495893900
1241992800
1495893960
1241992800
1495894020
1241992800
1495894080
1241992800
1495894140
1241992800
1495894200
1241992800
1495894260
1241992800
1495894320
1241992800
1495894380
1241992800
1495894440
1241992800
1495894500
1241992800
1495894560
1241992800
1495894620
1241992800
1495894680
1241992800
1495894740
1241992800
1495894800
1241992800
1495894860
1241992800
1495894920
1241992800
1495894980
1241992800
1495895040
1241992800
1495895100
1241992800
1495895160
1241992800
1495895220
1241992800
1495895280
1241992800
1495895340
1241992800
1495895400
1241992800
1495895460
1241992800
1495895520
1241992800
1495895580
1241992800
1495895640
1241992800
1495895700
1241992800
1495895760
1241992800
1495895820
1241992800
1495895880
1241992800
1495895940
1241992800
1495896000
1241992800
1495896060
1241992800
1495896120
1241992800
1495896180
1241992800
1495896240
1241992800
1495896300
1241992800
1495896360
1241992800
1495896420
1241992800
1495896480
1241992800
1495896540
1241992800
1495896600
1241992800
1495896660
1241992800
1495896720
1241992800
1495896780
1241992800
1495896840
1241992800
1495896900
1241992800
1495896960
1241992800
1495897020
1241992800
1495897080
1241992800
1495897140
1241992800
1495897200
1241992800
1495897260
1241992800
1495897320
1241992800
1495897380
1241992800
1495897440
1241992800
1495897500
1241992800
1495897560
1241992800
1495897620
1241992800
1495897680
1241992800
1495897740
1241992800
1495897800
1241992800
1495897860
1241992800
1495897920
1241992800
1495897980
1241992800
1495898040
1241992800
1495898100
1241992800
1495898160
1241992800
1495898220
1241992800
1495898280
1241992800
1495898340
1241992800
1495898400
1241992800
1495898460
1241992800
1495898520
1241992800
1495898580
1241992800
1495898640
1241992800
1495898700
1241992800
1495898760
1241992800
1495898820
1241992800
1495898880
1241992800
1495898940
1241992800
1495899000
1241992800
1495899060
1241992800
1495899120
1241992800
1495899180
1241992800
1495899240
1241992800
1495899300
1241992800
1495899360
1241992800
1495899420
1241992800
1495899480
1241992800
1495899540
1241992800
1495899600
1241992800
1495899660
1241992800
1495899720
1241992800
1495899780
1241992800
1495899840
1241992800
1495899900
1241992800
1495899960
1241992800
1495900020
1241992800
1495900080
1241992800
1495900140
1241992800
1495900200
1241992800
1495900260
1241992800
1495900320
1241992800
1495900380
1241992800
1495900440
1241992800
1495900500
1241992800
1495900560
1241992800
1495900620
1241992800
1495900680
1241992800
1495900740
1241992800
1495911600
1241992800
1495911660
1241992800
1495911720
1241992800
1495911780
1241992800
1495911840
1241992800
1495911900
1241992800
1495911960
1241992800
1495912020
1241992800
1495912080
1241992800
1495912140
1241992800
1495912200
1241992800
1495912260
1241992800
1495912320
1241992800
1495912380
1241992800
1495912440
1241992800
1495912500
1241992800
1495912560
1241992800
1495912620
1241992800
1495912680
1241992800
1495912740
1241992800
1495912800
1241992800
1495912860
1241992800
1495912920
1241992800
1495912980
1241992800
1495913040
1241992800
1495913100
1241992800
1495913160
1241992800
1495913220
1241992800
1495913280
1241992800
1495913340
1241992800
1495913400
1241992800
1495913460
1241992800
1495913520
1241992800
1495913580
1241992800
1495913640
1241992800
1495913700
1241992800
1495913760
1241992800
1495913820
1241992800
1495913880
1241992800
1495913940
1241992800
1495914000
1241992800
1495914060
1241992800
1495914120
1241992800
1495914180
1241992800
1495914240
1241992800
1495914300
1241992800
1495914360
1241992800
1495914420
1241992800
1495914480
1241992800
1495914540
1241992800
1495914600
1241992800
1495914660
1241992800
1495914720
1241992800
1495914780
1241992800
1495914840
1241992800
1495914900
1241992800
1495914960
1241992800
1495915020
1241992800
1495915080
1241992800
1495915140
1241992800
1495915200
1241992800
1495915260
1241992800
1495915320
1241992800
1495915380
1241992800
1495915440
1241992800
1495915500
1241992800
1495915560
1241992800
1495915620
1241992800
1495915680
1241992800
1495915740
1241992800
1495915800
1241992800
1495915860
1241992800
1495915920
1241992800
1495915980
1241992800
1495916040
1241992800
1495916100
1241992800
1495916160
1241992800
1495916220
1241992800
1495916280
1241992800
1495916340
1241992800
1495916400
1241992800
1495916460
1241992800
1495916520
1241992800
1495916580
1241992800
1495916640
1241992800
1495916700
1241992800
1495916760
1241992800
1495916820
1241992800
1495916880
1241992800
1495916940
1241992800
1495917000
1241992800
1495917060
1241992800
1495917120
1241992800
1495917180
1241992800
1495917240
1241992800
1495917300
1241992800
1495917360
1241992800
1495917420
1241992800
1495917480
1241992800
1495917540
1241992800
1495917600
1241992800
1495917660
1241992800
1495917720
1241992800
1495917780
1241992800
1495917840
1241992800
1495917900
1241992800
1495917960
1241992800
1495918020
1241992800
1495918080
1241992800
1495918140
1241992800
1495918200
1241992800
1495918260
1241992800
1495918320
1241992800
1495918380
1241992800
1495918440
1241992800
1495918500
1241992800
1495918560
1241992800
1495918620
1241992800
1495918680
1241992800
1495918740
1241992800
1495918800
1241992800
1495918860
1241992800
1495918920
1241992800
1495918980
1241992800
1495919040
1241992800
1495919100
1241992800
1495919160
1241992800
1495919220
1241992800
1495919280
1241992800
1495919340
1241992800
1495919400
1241992800
1495919460
1241992800
1495919520
1241992800
1495919580
1241992800
1495919640
1241992800
1495919700
1241992800
1495919760
1241992800
1495919820
1241992800
1495919880
1241992800
1495919940
1241992800
1495920000
1241992800
1495920060
1241992800
1495920120
1241992800
1495920180
1241992800
1495920240
1241992800
1495920300
1241992800
1495920360
1241992800
1495920420
1241992800
1495920480
1241992800
1495920540
1241992800
1495920600
1241992800
1495920660
1241992800
1495920720
1241992800
1495920780
1241992800
1495920840
1241992800
1495920900
1241992800
1495920960
1241992800
1495921020
1241992800
1495921080
1241992800
1495921140
1241992800
1495921200
1241992800
1495921260
1241992800
1495921320
1241992800
1495921380
1241992800
1495921440
1241992800
1495921500
1241992800
1495921560
1241992800
1495921620
1241992800
1495921680
1241992800
1495921740
1241992800
1495921800
1241992800
1495921860
1241992800
1495921920
1241992800
1495921980
1241992800
1495922040
1241992800
1495922100
1241992800
1495922160
1241992800
1495922220
1241992800
1495922280
1241992800
1495922340
1242079200
1495836000
1242079200
1495836060
1242079200
1495836120
1242079200
1495836180
1242079200
1495836240
1242079200
1495836300
1242079200
1495836360
1242079200
1495836420
1242079200
1495836480
1242079200
1495836540
1242079200
1495836600
1242079200
1495836660
1242079200
1495836720
1242079200
1495836780
1242079200
1495836840
1242079200
1495836900
1242079200
1495836960
1242079200
1495837020
1242079200
1495837080
1242079200
1495837140
1242079200
1495837200
1242079200
1495837260
1242079200
1495837320
1242079200
1495837380
1242079200
1495837440
1242079200
1495837500
1242079200
1495837560
1242079200
1495837620
1242079200
1495837680
1242079200
1495837740
1242079200
1495837800
1242079200
1495837860
1242079200
1495837920
1242079200
1495837980
1242079200
1495838040
1242079200
1495838100
1242079200
1495838160
1242079200
1495838220
1242079200
1495838280
1242079200
1495838340
1242079200
1495838400
1242079200
1495838460
1242079200
1495838520
1242079200
1495838580
1242079200
1495838640
1242079200
1495838700
1242079200
1495838760
1242079200
1495838820
1242079200
1495838880
1242079200
1495838940
1242079200
1495839000
1242079200
1495839060
1242079200
1495839120
1242079200
1495839180
1242079200
1495839240
1242079200
1495839300
1242079200
1495839360
1242079200
1495839420
1242079200
1495839480
1242079200
1495839540
1242079200
1495846800
1242079200
1495846860
1242079200
1495846920
1242079200
1495846980
1242079200
1495847040
1242079200
1495847100
1242079200
1495847160
1242079200
1495847220
1242079200
1495847280
1242079200
1495847340
1242079200
1495847400
1242079200
1495847460
1242079200
1495847520
1242079200
1495847580
1242079200
1495847640
1242079200
1495847700
1242079200
1495847760
1242079200
1495847820
1242079200
1495847880
1242079200
1495847940
1242079200
1495848000
1242079200
1495848060
1242079200
1495848120
1242079200
1495848180
1242079200
1495848240
1242079200
1495848300
1242079200
1495848360
1242079200
1495848420
1242079200
1495848480
1242079200
1495848540
1242079200
1495848600
1242079200
1495848660
1242079200
1495848720
1242079200
1495848780
1242079200
1495848840
1242079200
1495848900
1242079200
1495848960
1242079200
1495849020
1242079200
1495849080
1242079200
1495849140
1242079200
1495849200
1242079200
1495849260
1242079200
1495849320
1242079200
1495849380
1242079200
1495849440
1242079200
1495849500
1242079200
1495849560
1242079200
1495849620
1242079200
1495849680
1242079200
1495849740
1242079200
1495849800
1242079200
1495849860
1242079200
1495849920
1242079200
1495849980
1242079200
1495850040
1242079200
1495850100
1242079200
1495850160
1242079200
1495850220
1242079200
1495850280
1242079200
1495850340
1242079200
1495850400
1242079200
1495850460
1242079200
1495850520
1242079200
1495850580
1242079200
1495850640
1242079200
1495850700
1242079200
1495850760
1242079200
1495850820
1242079200
1495850880
1242079200
1495850940
1242079200
1495851000
1242079200
1495851060
1242079200
1495851120
1242079200
1495851180
1242079200
1495851240
1242079200
1495851300
1242079200
1495851360
1242079200
1495851420
1242079200
1495851480
1242079200
1495851540
1242079200
1495851600
1242079200
1495851660
1242079200
1495851720
1242079200
1495851780
1242079200
1495851840
1242079200
1495851900
1242079200
1495851960
1242079200
1495852020
1242079200
1495852080
1242079200
1495852140
1242079200
1495852200
1242079200
1495852260
1242079200
1495852320
1242079200
1495852380
1242079200
1495852440
1242079200
1495852500
1242079200
1495852560
1242079200
1495852620
1242079200
1495852680
1242079200
1495852740
1242079200
1495852800
1242079200
1495852860
1242079200
1495852920
1242079200
1495852980
1242079200
1495853040
1242079200
1495853100
1242079200
1495853160
1242079200
1495853220
1242079200
1495853280
1242079200
1495853340
1242079200
1495853400
1242079200
1495853460
1242079200
1495853520
1242079200
1495853580
1242079200
1495853640
1242079200
1495853700
1242079200
1495853760
1242079200
1495853820
1242079200
1495853880
1242079200
1495853940
1242079200
1495854600
1242079200
1495854660
1242079200
1495854720
1242079200
1495854780
1242079200
1495854840
1242079200
1495854900
1242079200
1495854960
1242079200
1495855020
1242079200
1495855080
1242079200
1495855140
1242079200
1495855800
1242079200
1495855860
1242079200
1495855920
1242079200
1495855980
1242079200
1495856040
1242079200
1495856100
1242079200
1495856160
1242079200
1495856220
1242079200
1495856280
1242079200
1495856340
1242079200
1495857000
1242079200
1495857060
1242079200
1495857120
1242079200
1495857180
1242079200
1495857240
1242079200
1495857300
1242079200
1495857360
1242079200
1495857420
1242079200
1495857480
1242079200
1495857540
1242079200
1495857600
1242079200
1495857660
1242079200
1495857720
1242079200
1495857780
1242079200
1495857840
1242079200
1495857900
1242079200
1495857960
1242079200
1495858020
1242079200
1495858080
1242079200
1495858140
1242079200
1495858200
1242079200
1495858260
1242079200
1495858320
1242079200
1495858380
1242079200
1495858440
1242079200
1495858500
1242079200
1495858560
1242079200
1495858620
1242079200
1495858680
1242079200
1495858740
1242079200
1495858800
1242079200
1495858860
1242079200
1495858920
1242079200
1495858980
1242079200
1495859040
1242079200
1495859100
1242079200
1495859160
1242079200
1495859220
1242079200
1495859280
1242079200
1495859340
1242079200
1495859400
1242079200
1495859460
1242079200
1495859520
1242079200
1495859580
1242079200
1495859640
1242079200
1495859700
1242079200
1495859760
1242079200
1495859820
1242079200
1495859880
1242079200
1495859940
1242079200
1495860000
1242079200
1495860060
1242079200
1495860120
1242079200
1495860180
1242079200
1495860240
1242079200
1495860300
1242079200
1495860360
1242079200
1495860420
1242079200
1495860480
1242079200
1495860540
1242079200
1495860600
1242079200
1495860660
1242079200
1495860720
1242079200
1495860780
1242079200
1495860840
1242079200
1495860900
1242079200
1495860960
1242079200
1495861020
1242079200
1495861080
1242079200
1495861140
1242079200
1495861200
1242079200
1495861260
1242079200
1495861320
1242079200
1495861380
1242079200
1495861440
1242079200
1495861500
1242079200
1495861560
1242079200
1495861620
1242079200
1495861680
1242079200
1495861740
1242079200
1495861800
1242079200
1495861860
1242079200
1495861920
1242079200
1495861980
1242079200
1495862040
1242079200
1495862100
1242079200
1495862160
1242079200
1495862220
1242079200
1495862280
1242079200
1495862340
1242079200
1495862400
1242079200
1495862460
1242079200
1495862520
1242079200
1495862580
1242079200
1495862640
1242079200
1495862700
1242079200
1495862760
1242079200
1495862820
1242079200
1495862880
1242079200
1495862940
