     1	100.028
     2	99.697
     3	99.7261
     4	100.184
     5	100.119
     6	100.145
     7	100.055
     8	100.055
     9	99.6395
    10	99.7856
    11	99.8052
    12	99.945
    13	99.6025
    14	99.3725
    15	99.1826
    16	99.3187
    17	98.9646
    18	98.8785
    19	98.919
    20	99.2408
    21	99.0998
    22	98.7833
    23	98.6332
    24	98.4563
    25	98.2063
    26	97.8583
    27	98.2334
    28	98.6364
    29	98.6705
    30	98.6574
    31	98.1975
    32	98.1713
    33	98.3246
    34	98.744
    35	98.6475
    36	99.0002
    37	98.8333
    38	98.9718
    39	99.4292
    40	99.8494
    41	99.4292
    42	99.336
    43	98.8926
    44	98.8488
    45	99.1507
    46	98.6542
    47	98.3333
    48	98.2922
    49	98.4135
    50	98.0515
    51	97.8861
    52	97.3977
    53	97.575
    54	97.9161
    55	97.4717
    56	97.5656
    57	97.4905
    58	97.8102
    59	97.451
    60	97.8265
    61	98.266
    62	98.6591
    63	98.5422
    64	98.8464
    65	99.256
    66	99.0676
    67	99.0935
    68	98.7109
    69	98.74
    70	99.0731
    71	99.131
    72	99.475
    73	99.1286
    74	99.2464
    75	99.2192
    76	99.5944
    77	99.4128
    78	99.3411
    79	99.1029
    80	99.3334
    81	99.0594
    82	99.3473
    83	98.8479
    84	99.2118
    85	98.9383
    86	99.3357
    87	99.381
    88	98.94
    89	99.1698
    90	98.8026
    91	98.3995
    92	97.9127
    93	97.8071
    94	97.721
    95	97.5438
    96	97.142
    97	96.8389
    98	97.1691
    99	97.0983
   100	97.5716
   101	97.7756
   102	97.8055
   103	97.551
   104	97.4712
   105	97.3949
   106	97.8154
   107	98.0545
   108	98.405
   109	98.523
   110	98.3314
   111	98.2149
   112	98.4425
   113	98.5693
   114	98.491
   115	98.576
   116	98.4132
   117	98.6076
   118	98.4233
   119	98.8479
   120	99.2802
   121	99.5786
   122	99.3262
   123	98.9831
   124	99.3256
   125	98.8731
   126	98.9726
   127	98.6772
   128	98.9633
   129	99.023
   130	98.5291
   131	98.2429
   132	97.7791
   133	97.9992
   134	98.4238
   135	98.678
   136	98.4172
   137	98.0577
   138	97.8583
   139	97.7522
   140	97.2986
   141	97.7884
   142	97.4713
   143	97.0695
   144	96.9037
   145	96.8805
   146	97.1046
   147	97.4666
   148	97.2768
   149	96.9751
   150	96.695
   151	97.1868
   152	97.2524
   153	97.4475
   154	97.779
   155	97.615
   156	97.5412
   157	97.6062
   158	97.9929
   159	98.0431
   160	98.4455
   161	98.3626
   162	98.0245
   163	98.0072
   164	98.2356
   165	98.2976
   166	98.0166
   167	97.5832
   168	97.2642
   169	97.2349
   170	97.5881
   171	98.0536
   172	97.5658
   173	97.7435
   174	97.8342
   175	98.0251
   176	98.4605
   177	98.3044
   178	97.9501
   179	98.4017
   180	98.5717
   181	98.4106
   182	98.4963
   183	98.8145
   184	98.5289
   185	98.3313
   186	98.798
   187	99.1923
   188	98.7119
   189	99.0144
   190	98.959
   191	99.0174
   192	99.2362
   193	99.3707
   194	98.9851
   195	99.2996
   196	99.6103
   197	100.097
   198	99.6591
   199	99.5949
   200	99.3588
   201	98.991
   202	98.7003
   203	98.6826
   204	98.7442
   205	98.4443
   206	98.1904
   207	98.1544
   208	97.8276
   209	97.8646
   210	97.9574
   211	98.2779
   212	98.3338
   213	98.3165
   214	98.2828
   215	98.2805
   216	98.1576
   217	98.2136
   218	98.3293
   219	98.3635
   220	98.5657
   221	98.9291
   222	99.0341
   223	98.7765
   224	99.2245
   225	99.2774
   226	98.9851
   227	98.9072
   228	99.3278
   229	99.0869
   230	98.8382
   231	98.3774
   232	98.6731
   233	99.1422
   234	98.8419
   235	99.0211
   236	98.727
   237	98.4392
   238	98.2654
   239	98.6168
   240	98.9997
   241	99.3448
   242	99.4069
   243	99.0776
   244	98.7264
   245	98.6879
   246	99.1798
   247	99.0984
   248	99.364
   249	99.6121
   250	99.5812
   251	99.2735
   252	99.086
   253	99.1795
   254	99.3498
   255	99.0829
   256	99.3023
   257	99.3675
   258	99.0452
   259	99.1077
   260	98.7738
   261	98.5506
   262	98.7023
   263	98.7519
   264	98.4143
   265	98.7078
   266	98.343
   267	98.5919
   268	98.2579
   269	97.7594
   270	97.4687
   271	96.9926
   272	97.2362
   273	97.3172
   274	97.5076
   275	97.4293
   276	97.464
   277	97.3025
   278	97.4883
   279	97.9356
   280	97.8634
   281	97.7018
   282	97.7857
   283	97.5063
   284	97.3631
   285	97.2385
   286	97.1686
   287	97.5373
   288	97.1205
   289	97.3154
   290	96.9376
   291	96.6497
   292	96.8998
   293	96.9829
   294	97.1408
   295	97.1708
   296	97.4951
   297	97.4065
   298	97.461
   299	97.1375
   300	97.2554
   301	96.8113
   302	96.5187
   303	96.4261
   304	96.6444
   305	97.0302
   306	97.106
   307	96.9699
   308	97.3339
   309	97.2321
   310	97.3403
   311	97.4836
   312	97.9053
   313	97.7898
   314	97.5608
   315	97.9567
   316	97.8149
   317	97.8381
   318	97.5327
   319	97.3615
   320	97.0563
   321	97.5246
   322	97.8203
   323	98.1235
   324	98.2174
   325	97.939
   326	98.0385
   327	97.8086
   328	97.9123
   329	97.5918
   330	97.6442
   331	97.3552
   332	97.433
   333	97.4012
   334	97.8261
   335	97.8515
   336	97.551
   337	97.9313
   338	98.1156
   339	98.2937
   340	98.5564
   341	98.4202
   342	98.5467
   343	98.7644
   344	98.645
   345	98.5953
   346	98.8553
   347	98.5929
   348	99.0138
   349	99.1701
   350	99.3753
   351	99.7199
   352	99.9231
   353	100.402
   354	100.569
   355	100.39
   356	100.806
   357	100.769
   358	100.322
   359	100.247
   360	100.563
   361	100.14
   362	100.266
   363	99.9289
   364	100.394
   365	100.268
   366	99.9238
   367	99.8584
   368	99.9005
   369	100.303
   370	100.027
   371	99.534
   372	99.6476
   373	99.8392
   374	99.7277
   375	100.199
   376	100.556
   377	100.532
   378	100.536
   379	100.074
   380	99.6111
   381	99.5028
   382	99.2119
   383	98.9796
   384	99.4162
   385	99.6279
   386	99.4433
   387	99.119
   388	99.3945
   389	99.7175
   390	99.4447
   391	99.9335
   392	100.126
   393	99.7062
   394	99.8784
   395	99.7134
   396	99.3707
   397	99.1223
   398	99.5651
   399	99.9714
   400	99.6695
   401	99.1713
   402	99.4641
   403	99.3393
   404	98.9346
   405	98.7094
   406	98.6429
   407	98.3098
   408	98.476
   409	98.7736
   410	98.548
   411	98.7695
   412	99.1254
   413	99.1859
   414	99.1925
   415	99.3848
   416	99.2602
   417	98.9333
   418	99.3157
   419	99.2678
   420	99.5783
   421	99.3271
   422	99.0537
   423	99.2963
   424	99.6859
   425	100.131
   426	100.492
   427	100.052
   428	99.6792
   429	100.105
   430	99.7465
   431	100.031
   432	99.5558
   433	99.1454
   434	98.8494
   435	99.0988
   436	98.8851
   437	99.3219
   438	99.2061
   439	98.7118
   440	98.8769
   441	98.4542
   442	98.4733
   443	98.214
   444	98.2795
   445	98.2854
   446	98.4057
   447	97.9306
   448	98.1759
   449	97.7956
   450	97.4782
   451	97.1624
   452	97.234
   453	97.5416
   454	97.6487
   455	97.9126
   456	97.5996
   457	97.3476
   458	97.5989
   459	97.5771
   460	97.0793
   461	97.4416
   462	97.2961
   463	97.0893
   464	97.1899
   465	97.2447
   466	97.2413
   467	97.0565
   468	96.991
   469	97.3401
   470	97.6994
   471	97.3459
   472	96.9047
   473	96.6129
   474	96.2395
   475	96.1544
   476	96.5369
   477	96.4196
   478	96.0201
   479	95.5534
   480	95.8258
   481	95.9534
   482	95.9987
   483	95.5661
   484	95.4098
   485	95.7847
   486	95.6786
   487	95.72
   488	95.6817
   489	95.8863
   490	95.4156
   491	95.1816
   492	95.0652
   493	95.3591
   494	95.5444
   495	95.3197
   496	95.4812
   497	95.6616
   498	95.6567
   499	96.0355
   500	96.1886
   501	96.4805
   502	96.1739
   503	95.8169
   504	96.0949
   505	96.5194
   506	96.0394
   507	95.8194
   508	96.2331
   509	96.4653
   510	96.5896
   511	96.1302
   512	95.8974
   513	95.846
   514	96.0603
   515	96.0548
   516	96.0928
   517	95.7119
   518	95.2513
   519	94.8844
   520	95.0347
   521	94.5531
   522	94.8047
   523	95.1754
   524	95.5814
   525	95.6115
   526	95.6627
   527	95.6723
   528	95.5935
   529	95.2356
   530	95.2417
   531	95.5079
   532	95.6722
   533	95.8557
   534	95.4449
   535	95.1722
   536	95.5374
   537	95.2745
   538	94.8689
   539	94.7902
   540	94.3615
   541	94.5291
   542	94.6344
   543	94.5188
   544	94.552
   545	94.1881
   546	93.7261
   547	93.512
   548	93.7682
   549	93.6082
   550	93.4377
   551	93.5239
   552	93.4267
   553	93.0692
   554	92.7674
   555	92.3702
   556	92.1582
   557	92.12
   558	92.5953
   559	92.7313
   560	92.3331
   561	92.1108
   562	92.0261
   563	91.6438
   564	91.63
   565	91.9459
   566	92.37
   567	92.0384
   568	92.198
   569	92.3127
   570	91.9691
   571	91.825
   572	91.5525
   573	91.4836
   574	91.3932
   575	91.7985
   576	91.327
   577	91.3131
   578	90.9856
   579	91.2143
   580	91.5916
   581	91.9585
   582	92.4097
   583	92.3072
   584	91.8133
   585	91.788
   586	91.4787
   587	91.0241
   588	91.2576
   589	91.6438
   590	91.2927
   591	90.9303
   592	91.2918
   593	91.135
   594	90.9956
   595	90.6097
   596	90.4402
   597	90.1134
   598	90.236
   599	90.0891
   600	90.2207
   601	89.9917
   602	90.3825
   603	90.3243
   604	89.8961
   605	90.1954
   606	90.3954
   607	90.1821
   608	89.962
   609	89.5404
   610	90.0028
   611	90.2576
   612	89.7633
   613	90.0721
   614	90.157
   615	90.0673
   616	89.7899
   617	89.3308
   618	89.5516
   619	89.2228
   620	88.9885
   621	89.3986
   622	89.2411
   623	89.4878
   624	89.579
   625	89.8505
   626	89.7637
   627	90.2126
   628	90.6532
   629	90.9583
   630	91.0142
   631	91.2432
   632	91.1775
   633	91.0523
   634	90.8144
   635	90.9242
   636	90.8097
   637	91.1498
   638	91.5092
   639	91.6133
   640	91.765
   641	91.7837
   642	92.1873
   643	92.3958
   644	91.9495
   645	92.0954
   646	92.0623
   647	92.208
   648	92.1904
   649	92.2864
   650	91.84
   651	91.9227
   652	91.6126
   653	91.5309
   654	91.3515
   655	91.5511
   656	91.7182
   657	91.8369
   658	91.4338
   659	91.6146
   660	91.34
   661	91.1659
   662	91.1383
   663	91.4457
   664	91.456
   665	91.9271
   666	92.411
   667	92.2642
   668	92.4457
   669	92.1203
   670	91.6795
   671	92.0985
   672	92.1961
   673	92.1614
   674	92.4755
   675	92.2242
   676	92.0359
   677	92.1164
   678	91.977
   679	91.8456
   680	92.1186
   681	91.6928
   682	91.663
   683	91.7669
   684	91.6207
   685	91.5014
   686	91.483
   687	91.7404
   688	92.1025
   689	91.7685
   690	91.7293
   691	91.6244
   692	91.1322
   693	90.6968
   694	90.4221
   695	89.9412
   696	89.5975
   697	89.5478
   698	89.4769
   699	89.6652
   700	89.3374
   701	89.3075
   702	89.5812
   703	89.1125
   704	89.2222
   705	89.6224
   706	89.4579
   707	89.5281
   708	89.0929
   709	88.6127
   710	88.1191
   711	88.3014
   712	88.2062
   713	88.5293
   714	88.7881
   715	88.9637
   716	89.2314
   717	88.9485
   718	88.8803
   719	89.3779
   720	88.8985
   721	88.516
   722	88.4571
   723	88.8887
   724	88.6348
   725	88.4786
   726	88.4984
   727	88.9301
   728	89.0121
   729	89.4927
   730	89.7213
   731	89.4128
   732	89.6717
   733	89.492
   734	89.6098
   735	89.5858
   736	89.9706
   737	90.298
   738	90.0623
   739	90.5293
   740	91.0004
   741	90.6853
   742	90.5558
   743	90.8127
   744	90.8579
   745	91.1358
   746	90.8579
   747	90.7822
   748	91.2738
   749	91.0487
   750	91.1507
   751	91.2208
   752	90.8363
   753	91.2472
   754	91.0985
   755	91.1682
   756	91.5358
   757	91.5903
   758	91.8864
   759	91.8208
   760	91.6464
   761	91.9123
   762	91.4715
   763	91.8648
   764	92.3648
   765	92.1478
   766	91.7341
   767	91.7418
   768	92.2205
   769	91.9794
   770	92.0663
   771	91.9031
   772	91.9641
   773	91.4789
   774	91.6321
   775	91.2738
   776	91.0788
   777	91.5054
   778	91.9235
   779	91.91
   780	91.6347
   781	91.4819
   782	91.7665
   783	91.3255
   784	91.5419
   785	91.9867
   786	91.6121
   787	91.1398
   788	91.2134
   789	91.0569
   790	90.6654
   791	90.4457
   792	90.7374
   793	90.3683
   794	90.2003
   795	90.0297
   796	90.0917
   797	89.7978
   798	90.1687
   799	89.6794
   800	89.2984
   801	89.0445
   802	89.2927
   803	88.8399
   804	88.3949
   805	88.1567
   806	88.1901
   807	88.2161
   808	88.2947
   809	88.4811
   810	88.3728
   811	88.0795
   812	88.3289
   813	88.4142
   814	88.1382
   815	88.5846
   816	89.033
   817	89.4927
   818	89.3269
   819	89.2807
   820	89.3891
   821	89.0046
   822	89.0075
   823	88.7718
   824	89.0948
   825	89.1344
   826	89.301
   827	89.3268
   828	88.8571
   829	89.0465
   830	89.3304
   831	88.8644
   832	88.5053
   833	88.2179
   834	88.7126
   835	88.4371
   836	88.4432
   837	88.0336
   838	87.5454
   839	87.9462
   840	87.493
   841	87.7014
   842	88.1079
   843	87.8093
   844	87.4112
   845	87.224
   846	87.2526
   847	87.1443
   848	87.631
   849	87.7478
   850	88.0344
   851	88.4791
   852	88.4367
   853	88.5993
   854	88.776
   855	88.7595
   856	88.7292
   857	88.4244
   858	87.9471
   859	87.714
   860	87.5353
   861	87.14
   862	87.5334
   863	87.4167
   864	87.4468
   865	87.6042
   866	87.1299
   867	86.6789
   868	86.9346
   869	86.455
   870	86.8011
   871	86.5172
   872	86.0289
   873	85.6478
   874	85.3811
   875	85.1926
   876	85.0994
   877	85.2823
   878	85.1031
   879	85.4092
   880	85.3444
   881	84.8612
   882	84.6204
   883	84.9697
   884	85.2891
   885	85.3463
   886	85.3753
   887	85.0878
   888	85.0106
   889	85.4273
   890	85.774
   891	85.3782
   892	85.1292
   893	85.1168
   894	85.455
   895	85.5144
   896	85.2223
   897	84.8281
   898	84.5642
   899	84.3508
   900	84.1081
   901	84.3316
   902	84.6283
   903	84.1361
   904	84.1411
   905	83.9715
   906	84.3797
   907	84.4443
   908	84.076
   909	83.9626
   910	84.1634
   911	83.8378
   912	84.0994
   913	83.8036
   914	83.4627
   915	83.0541
   916	83.5504
   917	83.6203
   918	83.7628
   919	83.4387
   920	83.8498
   921	83.5023
   922	83.9496
   923	83.7997
   924	83.3887
   925	83.6009
   926	83.1363
   927	83.3439
   928	83.4872
   929	83.5936
   930	83.5877
   931	83.5127
   932	83.75
   933	83.881
   934	83.4245
   935	83.0055
   936	83.0295
   937	82.6876
   938	82.5026
   939	82.0116
   940	81.5338
   941	81.9549
   942	82.3558
   943	82.7604
   944	82.4707
   945	82.7628
   946	82.9489
   947	82.6532
   948	82.3247
   949	81.8329
   950	81.8589
   951	82.2613
   952	82.2453
   953	82.2398
   954	82.092
   955	82.1926
   956	82.0868
   957	81.7172
   958	82.0449
   959	82.2306
   960	82.3925
   961	82.0231
   962	81.5963
   963	81.9243
   964	81.5461
   965	81.8826
   966	81.6359
   967	81.711
   968	82.1706
   969	82.5588
   970	82.38
   971	82.3827
   972	82.5518
   973	82.6766
   974	82.8553
   975	82.4973
   976	82.5649
   977	83.0034
   978	82.7779
   979	82.7654
   980	82.7024
   981	82.8147
   982	83.013
   983	83.403
   984	83.8861
   985	83.8475
   986	84.3013
   987	84.7322
   988	84.9519
   989	85.26
   990	85.655
   991	85.4112
   992	85.7555
   993	85.4442
   994	84.9463
   995	84.6668
   996	84.3356
   997	84.8191
   998	84.9436
   999	85.0156
